Ground state
0.0157073
0.0314108
0.0471065
0.0627905
0.0784591
0.0941083
0.109734
0.125333
0.140901
0.156434
0.171929
0.187381
0.202787
0.218143
0.233445
0.24869
0.263873
0.278991
0.29404
0.309017
0.323917
0.338738
0.353475
0.368125
0.382683
0.397148
0.411514
0.425779
0.439939
0.45399
0.46793
0.481754
0.495459
0.509041
0.522499
0.535827
0.549023
0.562083
0.575005
0.587785
0.60042
0.612907
0.625243
0.637424
0.649448
0.661312
0.673013
0.684547
0.695913
0.707107
0.718126
0.728969
0.739631
0.750111
0.760406
0.770513
0.78043
0.790155
0.799685
0.809017
0.81815
0.827081
0.835807
0.844328
0.85264
0.860742
0.868632
0.876307
0.883766
0.891007
0.898028
0.904827
0.911403
0.917755
0.92388
0.929776
0.935444
0.940881
0.946085
0.951057
0.955793
0.960294
0.964557
0.968583
0.97237
0.975917
0.979223
0.982287
0.985109
0.987688
0.990024
0.992115
0.993961
0.995562
0.996917
0.998027
0.99889
0.999507
0.999877
1
0.999877
0.999507
0.99889
0.998027
0.996917
0.995562
0.993961
0.992115
0.990024
0.987688
0.985109
0.982287
0.979223
0.975917
0.97237
0.968583
0.964557
0.960294
0.955793
0.951057
0.946085
0.940881
0.935444
0.929776
0.92388
0.917755
0.911403
0.904827
0.898028
0.891007
0.883766
0.876307
0.868632
0.860742
0.85264
0.844328
0.835807
0.827081
0.81815
0.809017
0.799685
0.790155
0.78043
0.770513
0.760406
0.750111
0.739631
0.728969
0.718126
0.707107
0.695913
0.684547
0.673013
0.661312
0.649448
0.637424
0.625243
0.612907
0.60042
0.587785
0.575005
0.562083
0.549023
0.535827
0.522499
0.509041
0.495459
0.481754
0.46793
0.45399
0.439939
0.425779
0.411514
0.397148
0.382683
0.368125
0.353475
0.338738
0.323917
0.309017
0.29404
0.278991
0.263873
0.24869
0.233445
0.218143
0.202787
0.187381
0.171929
0.156434
0.140901
0.125333
0.109734
0.0941083
0.0784591
0.0627905
0.0471065
0.0314108
0.0157073
1.22465e-16
